4294967294,0
4294967278,22
4294967278,21
4294967278,20
4294967278,19
4294967278,18
4294967278,17
4294967278,37
4294967278,36
4294967278,35
4294967278,34
4294967278,33
4294967278,32
4294967278,31
4294967278,30
4294967278,29
4294967278,28
4294967278,27
4294967278,26
4294967278,25
4294967278,24
4294967278,23
4294967279,22
4294967279,21
4294967279,20
4294967279,16
4294967279,15
4294967279,12
4294967279,11
4294967279,10
4294967278,227
4294967278,225
4294967278,222
4294967278,221
4294967294,424
4294967294,1094
4294967294,1092
4294967294,1090
4294967294,997
4294967294,190
4294967294,185
4294967294,182
4294967294,176
4294967294,170
4294967294,163
4294967294,51
4294967294,12
4294967294,92
4294967294,88
4294967294,1098
4294967294,82
4294967294,5
4294967278,218
4294967278,216
4294967278,214
4294967279,306
4294967278,213
4294967278,212
4294967278,211
4294967278,210
4294967278,209
4294967278,208
4294967279,305
4294967278,310
4294967278,206
4294967278,205
4294967279,304
4294967294,7
4294967278,204
4294967279,303
4294967279,0
4294967294,6
4294967278,203
4294967278,132
4294967278,131
4294967278,130
4294967278,129
4294967278,128
4294967278,127
4294967278,126
4294967278,125
4294967278,124
4294967278,123
4294967278,122
4294967278,121
4294967278,120
4294967278,119
4294967278,118
4294967278,117
4294967278,116
4294967278,115
4294967278,114
4294967278,113
4294967278,112
4294967278,111
4294967278,110
4294967278,109
4294967278,108
4294967278,107
4294967278,106
4294967278,105
4294967278,104
4294967278,103
4294967278,102
4294967278,101
4294967278,100
4294967278,99
4294967278,98
4294967278,97
4294967278,96
4294967278,95
4294967278,94
4294967278,93
4294967278,92
4294967278,91
4294967278,90
4294967278,89
4294967278,86
4294967278,85
4294967278,84
4294967278,83
4294967278,82
4294967278,81
4294967278,80
4294967278,79
4294967278,78
4294967278,77
4294967278,76
4294967278,75
4294967278,74
4294967278,73
4294967278,72
4294967278,71
4294967278,70
4294967278,69
4294967278,68
4294967278,67
4294967278,66
4294967278,65
4294967278,64
4294967278,63
4294967278,62
4294967278,61
4294967278,60
4294967278,59
4294967278,58
4294967278,57
4294967278,56
4294967278,55
4294967278,54
4294967278,53
4294967278,52
4294967278,51
4294967278,50
4294967278,49
4294967278,48
4294967278,47
4294967278,46
4294967278,45
4294967278,44
4294967278,43
4294967278,42
4294967278,41
4294967278,40
4294967278,39
4294967278,38
4294967279,19
4294967279,18
4294967279,17
4294967279,14
4294967279,13
4294967279,9
4294967279,8
4294967279,7
4294967279,6
4294967279,5
4294967279,4
4294967278,202
4294967278,201
4294967294,50
4294967294,1016
4294967294,27
4294967294,93
4294967294,95
4294967294,1091
4294967294,1089
4294967294,1014
4294967294,1013
4294967294,1011
4294967294,1008
4294967294,1006
4294967294,998
4294967294,996
4294967294,401
4294967279,302
4294967279,260
4294967278,309
4294967278,260
4294967278,0
4294967278,87
4294967294,30
4294967294,11
4294967294,1167
4294967294,1166
4294967294,1164
4294967294,1163
4294967294,1158
4294967294,1019
4294967294,992
4294967294,990
4294967294,989
4294967294,988
4294967294,987
4294967294,60
0,5
4294967294,17
4294967294,43
4294967294,417
4294967294,52
4294967294,25
4294967294,1018
4294967294,26
4294967294,18
4294967294,20
4294967294,13
4294967278,198
4294967278,197
4294967278,196
4294967278,195
4294967294,1095
4294967294,1093
4294967294,1088
4294967294,1015
4294967294,1012
4294967294,1009
4294967294,1007
4294967294,1004
4294967294,1002
4294967294,999
4294967294,995
4294967294,421
4294967294,173
4294967294,162
4294967294,67
4294967294,161
4294967294,81
4294967294,68
4294967294,1421
4294967278,308
4294967279,301
4294967278,307
4294967279,300
4294967278,306
4294967279,299
4294967278,305
4294967278,304
4294967279,298
16,6
16,5
16,4
16,3
16,2
16,1
4294967279,297
4294967279,296
4294967278,303
4294967279,295
4294967278,302
4294967279,294
4294967294,1101
4294967278,301
4294967279,293
4294967279,292
4294967278,300
13,4
13,3
13,2
13,1
4294967279,291
4294967294,437
12,4
12,3
12,2
12,1
4294967278,299
